1396161031,
795494275987468288,
517084951,
1009600957808807941,
1009514640844308481,
444316808,
3886750582,
1009787244377501697,
1063148084367147015,
2355808260,
1147950825865715718,
1094922224,
1498665631,
822785245674094592,
828157481910165505,
4462881555,
926025524090146817,
1090726354499317761,
2753211428,
2316324564,
351335161,
852434642041004032,
757074558373343232,
227573958,
880207738793598978,
166165686,
825770577080229888,
828062956864864256,
1054044080265744386,
1075707762720542721,
1009054861332238336,
1249986044,
905505009667846144,
16548023,
4880060739,
805167486127767553,
869193235918454786,
952944856111951872,
707968258054496257,
1614375631,
319769408,
49855677,
392122955,
1245320090,
2715093539,
979432003736145920,
1036413799,
347640382,
500497164,
3106775230,
44196397,
1081947098675900419,
377574213,
750134551536558081,
76059150,
624200531,
405334687,
434624489,